2.080
4.255
2.032
1.132
1.472
2.039
2.248
2.858
4.485
1.860
1.947
1.985
1.996
2.244
1.573
3.736
0.828
1.383
1.985
0.243
0.779
1.756
1.608
4.543
0.342
1.363
0.582
3.234
2.996
1.553
1.831
1.921
1.132
1.488
3.803
3.952
2.011
0.831
0.366
0.585
1.063
0.111
4.501
0.918
3.283
4.108
4.240
0.590
4.232
1.291
1.434
2.882
3.085
1.484
1.289
0.695
4.788
1.619
1.464
4.475
1.234
4.392
2.158
2.466
2.562
3.675
1.283
2.787
2.840
4.512
4.265
0.515
3.080
4.488
0.824
1.519
1.224
1.372
1.678
3.881
4.141
1.854
2.534
1.584
2.100
1.790
0.169
1.539
1.791
2.623
1.881
1.361
1.582
2.756
0.679
1.915
2.381
0.691
0.148
2.039
1.706
2.568
0.905
2.131
1.741
1.253
1.747
1.166
0.989
1.781
4.696
3.073
2.128
1.887
2.312
0.909
3.090
0.936
1.976
0.590
0.866
0.909
1.174
1.321
4.825
3.684
1.193
1.262
1.665
0.815
1.344
1.266
1.027
0.556
3.744
1.592
0.840
3.427
1.257
1.925
0.990
0.861
0.919
0.727
3.319
-0.410
4.834
2.224
2.640
2.135
0.585
1.262
2.891
2.126
2.347
2.910
0.968
0.736
2.042
0.519
0.840
1.727
3.011
2.625
1.955
3.132
2.311
0.784
1.849
1.638
0.740
1.135
2.080
0.629
2.150
0.648
2.024
4.505
1.546
1.831
2.970
2.792
0.101
1.652
2.525
1.131
1.609
0.475
1.831
1.312
1.506
3.453
1.774
2.603
3.039
0.889
0.857
0.272
2.955
1.297
0.782
1.130
3.057
1.722
1.361
0.338
1.105
3.065
2.863
1.783
0.970
4.157
4.574
0.363
1.133
1.223
1.338
1.937
2.191
4.657
1.030
3.804
0.842
1.191
0.223
4.412
2.501
0.257
1.015
1.188
1.076
1.945
0.923
3.730
2.374
1.199
2.562
4.795
3.642
2.652
4.713
4.311
1.624
0.645
1.402
4.264
3.404
2.959
1.540
3.080
3.409
2.423
2.312
4.756
1.403
0.723
1.852
2.200
2.673
2.812
1.436
1.420
2.660
2.200
2.098
0.983
1.633
3.173
3.272
1.822
1.717
4.637
1.491
4.677
1.543
1.060
2.286
2.837
1.559
4.663
1.093
2.073
1.529
3.034
0.296
1.773
0.896
3.517
3.555
1.404
0.126
4.432
0.994
3.315
4.348
0.197
3.156
2.095
1.710
0.731
1.694
