3.124
2.710
3.590
3.586
3.112
2.774
2.824
2.469
2.626
3.200
1.495
3.685
4.066
3.094
2.559
3.838
3.752
2.955
2.992
2.188
3.043
2.930
3.012
2.200
3.272
2.978
3.854
2.308
4.181
2.670
2.631
2.861
1.858
3.047
3.145
2.582
3.963
2.068
2.753
2.902
2.114
3.180
2.444
3.445
3.497
3.969
2.848
2.278
2.969
3.834
3.473
1.837
1.987
2.220
3.260
2.684
3.146
1.984
3.067
4.248
2.308
2.306
1.131
2.066
1.819
2.322
2.234
2.738
4.194
1.324
2.070
2.620
2.987
1.433
3.579
2.975
2.166
1.330
1.900
1.572
3.346
1.104
3.873
3.450
2.059
2.412
2.214
3.473
1.587
4.387
0.573
3.647
1.699
3.181
3.460
1.268
2.985
1.343
0.666
2.989
2.773
0.820
3.214
2.316
1.235
2.370
1.460
2.380
2.726
0.978
2.660
1.710
1.811
2.267
2.420
2.565
2.107
2.900
2.164
2.199
3.101
3.399
0.194
3.231
3.692
2.606
2.645
4.014
2.867
1.126
2.570
3.610
4.141
1.947
0.689
4.008
3.979
3.600
0.350
4.745
4.529
4.529
2.573
2.353
2.337
2.411
3.670
3.311
2.070
4.555
0.826
2.452
3.465
4.430
3.915
1.653
2.736
3.587
4.170
4.409
2.830
2.783
1.716
3.526
4.649
2.290
4.235
3.367
2.099
1.431
3.548
0.713
0.653
4.042
2.302
1.795
2.746
2.762
2.391
3.421
4.748
4.791
4.304
4.389
4.735
4.912
4.091
4.938
4.609
4.720
4.049
4.649
4.644
4.457
3.774
4.692
4.894
4.727
4.861
4.819
3.718
4.825
3.551
4.311
4.823
4.739
4.609
4.029
4.696
4.842
4.721
4.887
5.000
4.673
4.972
4.816
4.772
4.670
4.663
4.021
3.620
4.625
4.827
4.814
4.497
4.808
4.736
4.901
4.887
4.716
4.423
4.975
4.262
4.731
4.795
4.486
4.804
4.633
4.667
4.604
2.100
4.086
3.001
3.018
3.924
4.778
1.400
4.036
3.447
4.030
4.552
1.950
2.514
4.489
3.419
2.726
4.355
4.710
3.941
3.465
2.886
3.847
3.628
2.425
2.167
3.561
2.894
3.054
3.167
4.098
3.013
3.438
3.903
2.860
3.588
3.736
4.496
4.006
2.841
4.767
3.355
4.425
3.541
2.355
3.151
2.403
1.772
2.552
3.460
1.868
3.307
2.290
2.724
3.841
