3.949505
3.532961
2.492701
3.082076
3.235853
3.315555
4.088504
3.699935
3.598554
3.347963
3.071637
3.535336
3.065100
3.756738
3.648074
2.580149
2.592103
2.369411
3.311509
3.108297
4.047033
3.157056
3.302623
3.930116
3.353790
3.066167
3.852531
3.054208
2.635732
2.805587
3.666881
3.946610
2.704418
2.994954
2.046531
3.430915
3.398712
2.586003
3.367103
4.482077
2.537056
3.752897
1.661207
4.628513
2.281699
2.970935
3.871194
3.190691
4.188870
4.519992
2.013543
3.434958
3.525345
2.969364
2.503540
3.315168
2.877844
3.973200
3.186506
3.279049
3.542302
3.928401
3.017955
2.983795
4.064412
3.730768
3.494784
4.567979
3.245440
3.526223
2.945824
2.471693
2.571642
3.501045
3.993809
2.937102
2.597995
3.914060
3.091394
3.511939
3.477147
2.730847
2.305954
3.855917
4.059036
3.853779
2.873239
2.831314
2.629505
3.684407
2.751587
3.446827
3.603478
3.065792
3.976624
4.134761
2.781145
3.359767
2.047264
3.420715
3.191089
2.834457
4.233879
3.262503
3.507246
2.704855
2.745560
3.344869
2.142100
2.963169
3.491339
2.424284
4.232248
2.424948
4.012076
3.771441
3.016108
3.031761
3.431260
2.781612
2.623016
3.421356
2.716631
3.614838
2.549771
3.391958
2.874700
3.621763
3.324557
3.608202
3.486149
3.963088
3.809203
3.139382
3.712109
4.056307
2.811369
2.759615
3.461155
3.812815
4.023015
3.567483
2.689106
3.643559
2.602344
2.596814
3.203920
3.321023
3.928707
3.687696
3.734087
3.265366
2.263616
3.235730
3.161130
3.308393
4.046448
4.388011
3.964728
3.538470
2.841651
2.831816
3.925471
4.493277
3.444705
2.321706
3.832997
3.096573
2.987203
3.034669
3.526298
2.687205
4.178574
2.512455
2.975742
3.132743
3.317394
3.233148
2.346784
3.488697
3.912551
2.794940
3.580300
3.784646
2.596192
3.193043
2.497679
2.993357
3.910805
3.706924
2.484998
4.123913
2.722532
3.653515
3.037282
2.669513
3.243990
3.307412
3.868222
3.480733
3.299989
2.715721
3.086417
3.184846
4.349889
3.320957
3.141348
2.846931
3.229735
2.905872
2.901290
4.199155
2.155814
2.737499
3.704497
3.578702
3.765200
3.986439
2.674269
3.986922
3.677613
3.601719
2.972520
2.449618
3.766342
3.951024
2.753466
4.566880
3.809559
4.574416
2.988126
2.846241
3.007706
4.348643
3.396578
3.703110
4.190758
3.777895
2.542107
2.823698
2.275110
2.976425
3.006853
2.957573
3.616459
3.050543
2.792077
3.085017
3.007288
2.712994
3.701175
3.154409
3.869088
3.966242
