4.396575
4.726311
4.559222
4.410482
4.139691
4.785684
3.610580
4.028762
4.724140
4.520559
3.540425
4.714629
4.571286
4.577659
4.324168
3.701256
2.653432
4.533711
4.543629
4.746079
4.553232
4.866660
4.034867
3.885392
4.094153
4.051937
3.532529
3.634180
3.947647
3.642520
3.452200
4.342989
4.589464
3.803416
4.316820
4.690689
4.556769
3.934025
4.256484
4.281933
3.355719
4.276415
2.695042
3.568619
3.924445
3.899851
3.076579
3.811928
4.085679
3.187640
2.781406
2.730449
2.906989
3.995913
4.163180
4.436926
3.300751
3.119824
4.428975
4.031907
4.120038
3.998139
3.968389
2.628029
3.407775
3.586200
2.882898
3.551514
3.770428
2.707009
4.751355
2.271031
2.534928
4.304828
3.754163
4.221515
3.802350
3.933265
2.063182
2.485613
2.968535
2.674851
2.810841
3.398449
3.511372
2.960495
2.450916
3.156158
2.654655
2.787584
3.582263
3.791021
3.759460
1.900910
4.078826
2.937292
2.655295
2.326022
2.831353
2.352414
4.568489
1.954676
3.205806
2.066549
1.921067
3.880745
3.376517
1.712380
3.533870
3.930111
2.163789
2.122263
2.724294
2.342811
1.125343
2.759950
1.056628
2.177332
3.082685
3.088094
2.718854
4.580696
3.720723
3.451153
4.669869
3.637675
2.820833
4.748415
4.144940
4.692593
4.518053
4.553000
3.597047
3.457226
4.256405
3.540230
3.624813
3.825332
3.378076
4.377238
3.123702
2.806598
3.805842
2.260847
3.819150
2.460474
3.046004
2.100923
4.007552
2.264710
3.472092
2.701081
3.699887
2.849898
2.239026
3.227775
3.403195
2.729592
2.833861
2.605542
1.928028
3.268409
3.871687
4.003129
3.177756
2.674123
3.427784
2.458219
2.312240
3.721035
2.843329
2.979480
2.073337
1.899279
3.858432
2.932616
3.675962
1.534540
3.289250
2.974521
1.831212
1.670051
2.900397
3.437836
2.211356
2.348793
1.531697
2.152520
2.929481
3.406355
2.288192
1.598584
3.061910
3.425232
3.681081
1.262056
2.687750
2.051543
3.669308
2.818992
1.378783
2.855227
3.371088
2.459728
1.077637
1.503603
2.895112
3.592968
1.867707
1.281203
1.426545
1.526738
2.408102
1.114643
1.185432
1.521088
3.241643
1.791198
1.533329
1.161107
2.187891
2.953619
2.364850
2.470697
1.318652
1.717206
2.377249
1.025309
1.595440
1.458063
2.602336
1.027883
1.858873
1.296393
1.396852
1.878328
1.376160
2.085812
2.530486
1.704148
2.591861
1.088862
1.021712
1.464134
2.088641
2.003835
2.093171
1.065201
3.431083
