4.632
4.549
4.557
4.606
4.713
4.478
3.966
4.104
4.205
4.192
4.061
4.171
2.451
4.246
4.315
4.292
4.453
4.467
4.252
4.514
4.789
3.940
4.196
4.320
4.388
4.762
3.163
4.677
4.522
4.783
3.846
4.427
4.356
4.765
3.894
4.413
4.413
4.397
4.512
4.182
4.479
4.300
4.711
4.496
4.786
4.645
4.736
3.904
4.322
4.322
3.974
2.929
4.161
4.726
3.765
4.146
4.607
3.970
4.328
4.643
4.562
4.480
3.750
4.279
4.016
4.737
3.930
4.542
3.432
3.242
4.081
4.731
4.540
4.711
4.142
3.330
4.529
4.428
4.661
3.990
3.581
4.043
4.043
4.050
4.536
4.322
4.368
2.251
3.340
4.531
4.849
4.004
3.890
4.206
4.206
4.287
4.287
4.287
3.858
4.356
4.717
4.599
4.539
2.826
2.589
4.441
4.281
3.685
2.816
3.941
3.986
4.597
4.202
4.669
4.151
4.248
4.285
4.345
3.806
4.395
3.546
4.240
3.884
3.873
4.106
3.765
3.547
4.125
3.927
4.275
3.763
3.843
4.472
4.476
4.472
2.398
3.114
3.940
2.566
2.741
3.501
4.508
4.313
2.983
3.256
3.802
4.221
4.272
3.820
4.727
2.562
3.770
3.920
4.067
4.335
4.115
4.192
4.397
4.086
3.681
4.049
4.471
4.142
4.685
3.887
4.186
4.707
4.697
3.319
3.360
4.108
3.856
2.851
2.151
4.137
1.899
4.007
1.900
1.549
4.046
4.046
2.505
3.004
4.501
3.034
4.098
3.723
4.476
3.566
3.523
3.816
3.262
4.443
2.685
4.166
3.445
4.310
3.185
4.275
4.416
3.640
3.457
4.620
4.169
4.279
1.783
4.762
4.581
2.276
3.757
2.802
4.501
4.265
4.691
3.629
4.106
3.768
4.788
4.743
4.759
4.031
3.989
3.839
3.847
4.398
3.558
3.760
3.844
4.104
2.708
2.685
2.904
4.371
3.533
4.697
3.512
3.255
3.724
2.669
3.868
4.413
3.579
3.848
3.678
1.621
2.238
2.837
2.107
1.763
2.655
3.987
3.544
4.125
4.312
3.486
3.865
4.622
4.166
2.770
1.389
2.611
4.178
3.541
4.098
2.258
2.152
4.120
3.657
4.245
3.770
2.702
3.849
4.083
4.347
4.489
3.260
4.138
1.912
4.057
4.143
1.678
2.255
3.768
2.465
3.390
4.541
3.992
4.212
4.302
4.098
3.656
3.876
4.195
4.317
2.311
1.915
2.178
4.415
4.209
2.193
3.307
2.354
2.696
4.035
3.856
4.345
4.070
2.125
1.877
2.111
1.641
3.961
3.923
2.589
1.734
4.592
1.734
3.849
3.972
3.589
4.621
3.936
2.703
2.865
2.577
1.580
4.084
4.387
2.669
2.327
3.407
2.787
4.163
4.103
1.066
1.414
2.576
2.756
3.097
4.245
2.428
2.106
2.324
3.860
1.629
1.116
2.257
4.026
4.006
2.626
2.484
1.610
2.607
4.046
3.963
2.894
2.618
4.745
3.915
3.522
3.425
1.369
1.341
3.078
3.606
4.064
3.344
4.119
3.847
4.145
4.638
3.949
2.016
1.959
2.643
3.832
2.789
3.981
2.156
3.601
3.774
3.521
3.176
2.248
3.666
2.627
2.017
2.395
3.535
3.507
1.258
1.297
4.325
3.025
2.814
3.662
1.870
4.242
3.895
2.990
3.151
4.003
3.787
4.169
4.310
3.658
3.427
2.404
1.902
2.050
2.279
2.332
1.749
2.182
4.050
1.785
3.269
3.925
1.982
4.165
3.888
3.988
1.755
1.519
3.412
1.503
3.362
3.270
3.447
3.620
4.341
1.501
3.053
4.189
1.577
3.742
2.779
3.196
3.521
1.640
2.241
3.518
3.274
1.713
4.059
3.251
4.081
4.051
3.163
3.744
3.377
2.833
4.160
2.447
2.548
2.722
3.194
3.123
3.816
1.373
1.959
1.788
2.636
3.311
3.073
3.689
2.741
3.411
1.420
2.025
1.420
3.554
3.412
2.401
1.199
2.258
4.424
1.242
2.563
3.595
3.120
3.273
3.375
2.046
1.497
2.787
3.022
0.761
4.469
3.641
2.013
3.060
4.102
2.398
2.553
2.145
2.455
1.135
1.027
1.588
1.141
1.015
2.141
4.076
2.857
2.644
2.650
3.744
2.909
4.283
4.547
2.628
2.717
1.692
4.126
2.124
1.918
1.773
3.671
3.190
3.699
1.331
3.500
3.902
3.481
1.362
1.541
1.563
1.732
1.298
2.743
2.807
2.860
3.500
1.006
1.844
1.501
1.423
0.945
2.436
2.137
3.012
3.730
2.494
2.797
3.032
1.187
1.182
2.522
2.815
3.524
1.780
2.037
3.669
4.013
2.174
3.163
3.985
1.761
0.659
1.658
3.194
2.340
3.381
1.055
3.233
3.740
1.320
2.220
3.625
3.496
3.503
3.270
3.413
2.910
1.317
3.395
3.137
4.264
4.064
3.765
3.197
2.475
2.208
2.541
1.936
2.449
2.216
2.892
3.476
2.889
2.206
3.883
3.591
2.547
2.082
1.974
2.237
3.372
3.478
3.785
3.943
3.130
3.051
1.819
2.233
3.373
2.332
3.672
2.265
2.586
2.249
1.419
1.574
2.016
3.184
3.594
3.241
3.291
2.826
2.489
2.732
2.776
3.531
3.704
2.973
1.637
1.890
2.420
2.197
3.392
3.461
3.074
2.964
1.341
1.802
1.210
3.183
0.953
1.048
1.588
3.608
3.089
1.523
0.823
1.334
1.195
2.666
3.555
3.040
3.564
1.644
2.388
1.261
4.044
2.247
3.611
0.738
3.639
1.582
1.640
1.154
2.402
2.059
2.605
2.902
3.002
2.807
3.495
2.161
3.009
1.308
1.857
3.395
3.302
2.622
1.840
3.586
2.255
1.440
1.314
1.151
1.400
2.958
1.749
1.610
1.388
3.113
1.671
1.727
3.279
2.568
2.602
1.181
1.116
1.999
1.628
2.813
3.340
3.097
1.665
3.425
0.541
1.011
1.731
1.267
0.838
1.652
2.547
2.069
2.431
2.293
1.022
3.566
3.403
2.184
1.460
2.375
3.276
2.513
3.868
1.740
3.725
2.939
2.325
1.775
1.445
3.145
2.780
1.417
1.868
1.365
2.510
1.412
2.293
3.924
3.545
2.756
2.806
1.617
1.452
1.764
2.378
1.802
0.287
1.118
1.750
1.595
1.338
1.359
