4.678
5.000
4.607
4.854
4.404
5.000
4.307
4.328
5.000
4.423
4.656
4.560
4.654
4.908
4.721
4.339
3.933
4.656
4.809
4.878
4.760
4.464
3.999
4.064
4.550
4.566
4.161
4.100
4.726
4.457
4.030
4.233
4.624
4.460
4.360
4.879
4.691
4.286
4.194
4.034
3.962
4.629
3.547
3.590
4.080
4.236
3.495
4.041
4.328
3.985
2.837
3.407
3.496
4.548
4.508
4.570
4.167
3.470
4.640
4.106
4.333
2.965
4.197
3.276
4.467
4.121
3.300
3.863
3.695
3.194
4.525
3.156
2.783
4.853
4.221
4.304
4.087
4.079
2.619
3.094
2.062
2.874
2.116
3.178
3.291
3.562
3.553
2.985
2.342
3.274
3.264
3.579
4.033
2.507
4.366
3.779
2.998
2.672
2.231
2.369
4.499
2.788
3.634
2.368
3.060
3.557
3.499
2.530
4.030
3.938
1.938
2.238
2.748
1.772
1.055
3.290
0.915
2.922
3.769
3.337
3.047
4.858
4.558
3.476
4.758
4.152
4.020
4.578
4.695
4.930
4.736
4.767
4.267
3.862
4.462
4.508
4.351
4.331
3.892
4.259
3.743
3.419
4.052
3.558
4.269
3.457
3.770
3.598
4.088
3.837
3.822
3.779
4.137
3.784
3.738
3.924
3.846
3.344
3.582
3.405
3.546
3.367
3.980
4.200
4.332
3.152
3.769
3.248
3.646
4.503
3.761
2.619
2.086
2.569
4.494
3.592
3.926
2.282
3.717
3.920
3.092
2.070
2.860
3.177
3.696
3.603
1.910
3.035
3.489
3.849
2.486
1.871
3.461
3.799
4.628
2.171
2.433
2.225
4.222
3.676
2.875
3.211
3.275
2.954
1.867
1.668
3.178
3.394
2.883
1.709
2.259
1.681
2.259
0.246
1.803
1.522
2.882
1.526
2.675
0.390
2.789
2.620
2.568
3.382
0.987
3.064
2.291
0.471
2.106
1.092
2.993
1.725
1.555
2.073
1.384
2.382
2.973
1.629
0.707
2.775
2.738
2.276
0.555
1.991
1.671
1.933
1.439
0.100
2.994
