2.573
2.125
3.277
3.103
2.442
4.962
2.213
4.889
4.974
3.391
3.562
2.877
2.690
2.944
0.713
4.846
1.417
3.254
4.684
2.872
2.579
3.011
1.218
2.707
1.118
3.081
0.966
3.333
4.630
2.685
3.865
2.893
4.566
2.634
4.344
3.237
4.168
2.256
2.372
4.872
3.234
3.274
4.310
0.118
2.785
4.282
0.480
3.571
3.175
3.665
3.393
1.307
1.246
4.847
4.799
3.907
4.917
0.906
3.215
4.093
1.089
3.764
1.439
3.118
3.823
1.134
4.806
5.000
2.167
3.538
2.880
2.590
2.733
2.622
3.891
4.898
3.689
4.550
0.531
0.919
4.750
2.948
4.258
2.480
2.877
4.555
3.503
4.895
1.148
3.145
4.329
1.337
4.771
4.854
3.130
3.925
2.880
1.845
4.433
3.056
4.536
4.009
3.768
3.555
3.378
4.015
2.698
2.676
4.708
2.404
3.558
4.478
3.500
3.649
2.940
3.169
4.047
2.308
0.776
4.494
4.182
3.781
2.559
4.527
2.546
2.841
4.134
3.162
4.304
4.413
1.727
2.800
2.520
3.906
1.262
1.296
3.197
3.143
1.597
4.336
0.728
0.349
4.048
4.830
1.271
2.683
0.106
3.771
3.294
4.254
4.036
3.691
4.324
0.802
2.692
3.900
1.949
0.910
3.139
0.555
3.811
3.070
4.731
0.850
2.251
4.962
3.647
3.236
3.209
3.208
2.460
3.105
0.867
2.830
2.211
1.510
4.779
3.433
2.975
4.528
3.863
2.969
0.877
4.116
2.539
1.638
2.913
4.472
3.399
1.272
3.564
4.212
4.140
2.983
3.601
2.917
3.293
4.763
1.910
3.020
3.013
3.515
1.600
2.572
4.661
1.648
2.471
4.670
2.833
3.065
1.209
2.841
3.427
3.964
1.896
3.016
0.951
4.724
2.665
1.978
0.929
3.303
0.669
1.074
3.546
3.119
2.476
2.497
0.364
0.763
