4.812
0.858
4.588
4.197
3.914
4.798
4.821
3.616
3.076
1.536
4.068
4.663
3.981
4.723
4.076
4.945
0.938
2.457
2.573
4.575
1.321
1.118
4.896
4.836
4.940
4.236
3.355
4.258
4.854
2.776
4.836
3.837
4.686
4.115
4.380
4.787
4.687
4.711
0.505
4.995
1.549
4.768
4.889
3.872
2.632
2.330
2.361
4.948
3.772
3.726
2.418
3.787
4.953
4.441
4.350
2.843
4.073
4.911
4.486
2.450
1.469
4.626
4.846
3.967
2.480
0.754
4.450
5.000
4.411
4.323
4.934
1.427
4.890
4.844
4.816
3.964
4.488
4.817
0.783
4.629
1.865
1.427
4.406
4.928
4.566
2.687
4.180
4.707
2.666
4.793
4.227
4.781
4.672
4.556
4.590
4.894
4.455
3.781
1.769
4.829
3.790
3.899
3.096
4.839
4.528
4.056
3.631
4.764
4.526
4.770
3.134
4.679
4.335
2.789
4.379
4.788
1.435
4.207
4.456
1.019
4.690
4.479
2.317
4.950
4.372
2.470
2.920
0.967
4.836
1.146
4.854
1.382
2.521
4.856
4.395
2.469
0.565
2.997
3.284
3.522
4.276
2.956
4.700
4.811
4.180
4.230
1.154
2.635
4.091
2.409
2.280
3.764
2.298
3.897
4.414
4.253
2.862
1.064
4.147
4.316
4.781
2.394
4.707
4.343
4.744
3.437
1.093
2.004
3.526
4.807
4.686
4.403
4.674
4.198
1.639
3.050
1.088
4.587
4.861
4.235
4.907
2.771
0.746
0.806
4.644
3.593
2.617
-0.122
3.115
1.513
1.169
4.527
4.087
1.333
4.581
4.978
4.219
1.662
2.729
3.534
4.730
4.762
1.913
4.293
3.096
4.606
2.999
4.756
1.445
4.701
1.690
4.793
1.503
2.021
4.912
0.566
3.194
2.541
2.192
4.029
0.510
2.643
4.695
2.882
3.756
4.965
1.861
1.803
4.418
2.723
3.413
3.428
-0.025
1.876
0.780
2.528
3.586
1.456
4.715
4.743
0.567
3.941
4.243
-0.026
