3.369660
3.097472
3.753873
1.514242
2.400100
4.092723
3.137417
3.952407
1.315519
2.157834
2.755564
3.393915
2.562448
4.003934
3.311974
3.058528
3.393482
3.788571
4.427929
4.069794
3.513934
3.764573
2.748518
3.476301
3.449550
2.695337
2.897011
2.466517
2.840977
2.660958
2.288191
2.987886
3.132317
3.572005
2.012548
1.200046
1.930276
2.168329
2.827709
1.037293
3.338130
2.324049
1.562720
1.242589
2.642333
3.045327
2.424576
1.818678
3.566286
1.390965
3.663441
3.129331
1.749975
3.107251
3.325373
2.975359
2.951362
2.798781
2.052541
3.126487
2.488294
2.608275
3.681131
1.227430
2.593229
2.757822
2.702773
2.773966
4.183151
3.472869
3.325872
2.189161
3.987167
2.429138
2.400766
2.457648
3.256441
3.086974
3.050561
3.264564
3.538380
2.139372
3.485809
3.437421
1.916477
1.893390
2.768144
1.188017
3.036237
1.870714
2.000899
1.774155
2.012706
3.710534
3.371667
4.034044
2.592640
3.057277
2.886583
3.033761
2.728094
1.490568
2.578794
2.030506
2.799815
3.334016
2.736583
2.806954
3.013451
1.528878
1.895329
2.789785
1.338062
2.522756
1.169787
2.108809
2.279414
3.645495
3.098086
2.796758
4.264669
2.575568
4.033472
3.362073
3.186172
1.176692
2.447297
3.876980
1.160034
3.306096
3.804229
3.540393
2.493286
3.210781
2.754473
3.724608
3.349440
1.484635
2.592196
1.522129
1.739122
3.259496
2.934409
3.269154
2.026880
1.577567
1.708648
1.110455
3.624385
3.724153
3.448822
4.336594
2.634722
2.707198
3.578179
3.153134
4.022331
2.430129
2.486236
3.757402
1.420448
3.687399
2.508944
3.504130
3.291731
3.646322
3.091746
1.134816
3.234095
3.133982
2.988088
3.213985
1.974938
2.998837
2.489611
2.386226
2.469329
3.067371
1.790724
3.102721
2.920174
3.138392
1.968421
2.374449
2.774805
1.500501
3.095774
2.140930
2.770194
1.960003
3.859562
3.176790
2.950099
3.481137
3.617916
2.910866
2.757184
1.607437
1.543938
3.208489
1.230301
1.976376
1.605262
3.401381
3.870689
2.046495
4.117398
2.304975
3.031511
4.005312
1.380803
4.193536
4.169544
2.565816
4.509566
4.435433
2.912759
2.529494
1.964292
4.011767
4.415380
3.939989
4.260526
4.059369
4.655734
2.039826
2.711256
2.564627
4.052237
2.563252
1.937979
4.534747
4.529402
4.532116
3.766742
3.400475
3.391602
4.481309
3.850123
4.226341
3.063666
4.361069
3.746481
3.300404
4.075975
4.366093
4.220084
1.737044
4.468886
1.703368
4.592438
4.443699
3.603728
2.447805
2.679730
1.541560
4.671660
3.010753
3.110937
2.947019
3.560105
4.666527
2.786282
3.671570
2.467997
4.193284
4.565418
3.878684
3.670765
2.323952
4.301183
4.313132
3.460455
2.350587
2.082292
3.806078
4.797033
3.986208
4.146282
4.512233
1.768484
4.632351
4.547332
4.071702
3.729780
4.425745
4.340490
2.306944
4.130378
1.355341
1.727808
4.015414
4.555253
4.279696
2.491973
3.629209
4.289169
3.791345
4.477552
3.924930
4.644108
4.421160
4.213772
4.189437
4.629659
3.610363
3.588495
2.042419
4.558885
3.321573
3.507699
3.869460
4.579896
3.798954
3.867154
3.517436
4.291530
4.428109
3.926877
1.937306
3.661047
4.100003
3.177333
4.080506
4.390999
1.993821
4.318012
3.941653
1.169297
4.088949
4.136322
3.896038
4.348103
3.873801
2.683500
1.930946
3.645375
4.754305
2.392120
4.218382
2.127994
2.596226
4.428074
3.820215
2.647184
1.800866
2.920508
2.858084
3.172191
2.510373
3.313510
4.169585
4.635013
3.887316
3.608638
1.751301
2.021273
3.620472
3.640229
2.000473
3.746626
2.314157
3.170789
3.552279
3.518873
1.652179
1.430705
3.599463
4.002382
4.072182
2.494467
4.152870
4.261549
3.470270
2.197332
1.773850
2.582877
3.130763
4.178008
4.158838
3.992080
4.231751
3.632568
2.745517
2.564262
1.721162
4.237177
4.062093
3.798571
4.328021
2.575412
1.895865
2.170568
4.573736
3.520532
2.499944
1.145239
3.245586
1.842789
1.583166
3.499791
3.847970
2.008885
4.290402
4.715359
4.277701
1.720639
2.737099
3.092280
4.161956
4.558393
2.982140
4.467860
2.848351
4.510216
3.229037
3.907426
1.902359
4.237409
2.200529
4.464806
1.795171
2.451721
4.692431
1.198288
3.416538
1.881923
2.970657
3.612482
1.185065
3.085530
4.564808
3.765442
2.698284
4.619317
2.457463
1.963352
4.307383
3.423838
3.661104
2.596361
1.474163
2.672969
3.242977
1.413202
3.517404
1.726052
4.150266
4.370584
1.572505
3.658050
3.805961
1.947458
3.169846
1.336106
3.414890
3.095474
3.115240
4.367912
2.522612
4.622072
4.715096
3.309220
3.352448
2.271724
2.773336
2.700984
1.520955
4.498362
2.446940
2.550787
4.058215
2.512392
2.946451
1.957432
1.363693
2.628654
1.250548
2.990926
1.766895
2.971196
4.280004
2.157179
4.052720
2.843590
3.798492
2.693958
3.966247
2.252130
3.720403
2.688052
2.511306
4.493079
3.229626
2.897190
3.557625
1.830451
2.700018
3.875487
1.586761
3.439449
2.995738
2.946893
2.843285
1.614788
1.719276
4.237648
4.363553
3.332808
4.591879
1.909517
3.416615
3.486514
2.078906
3.290123
2.256211
3.246757
3.385045
1.446396
4.195004
4.672431
2.127662
3.132027
2.616252
2.562429
3.234804
2.721418
3.735475
4.639100
3.285018
4.042507
1.551813
1.408350
4.151816
2.465027
3.486235
2.177760
2.178141
4.337588
3.653840
4.624349
2.166152
2.971979
3.404522
1.490465
4.209531
4.683409
3.095208
3.459187
2.997269
2.614966
3.928551
2.307339
4.024938
3.181903
3.274078
3.403356
3.145797
3.857416
2.425849
3.562237
4.316978
1.978968
3.813055
4.228488
2.797349
3.202738
2.972268
3.059677
3.228871
2.219108
2.141896
4.049382
4.148985
3.468212
1.772475
4.161548
1.835358
2.664629
3.893160
3.013168
3.983505
3.765250
2.185151
2.551631
2.983610
3.589374
1.788224
2.451804
3.064032
2.218224
2.222955
3.847041
1.269484
1.944644
3.757701
4.471704
1.471121
1.820220
1.215196
3.161554
3.559483
3.689160
3.749425
3.322543
3.724086
1.484193
2.871797
3.906314
1.860911
2.449391
2.878451
1.540429
2.947633
2.590485
4.422988
1.838533
2.763733
4.401320
3.340426
2.899118
3.011769
3.243235
1.939887
2.917727
2.263219
2.520309
2.147032
1.840754
4.494810
3.241988
2.893470
4.077520
3.155729
2.747925
1.640122
3.646415
2.807928
1.686414
2.680967
3.936906
2.957211
1.246664
3.116772
4.411528
3.744474
2.977198
2.982525
2.542894
3.064117
4.342520
2.693171
3.202240
3.038373
3.288065
1.945386
2.132094
4.132844
1.441339
3.210537
4.138776
1.915588
2.323341
1.714448
2.501374
3.030575
3.281567
2.948983
2.803063
2.223775
4.118374
3.408875
2.378593
1.804539
3.225077
1.478049
2.323841
2.825732
3.094566
2.372353
1.831076
1.789228
1.391766
4.295508
4.684465
4.145413
4.411810
3.958421
4.794881
3.506405
3.915506
4.765392
4.393734
3.422434
4.812685
4.271465
4.520832
4.169959
3.396203
2.455109
4.415849
4.352626
4.562152
4.414831
4.833161
3.955832
3.803940
4.100709
3.926858
3.879282
3.549808
3.901740
3.564282
3.429982
3.958472
4.482583
3.434765
4.257886
4.495087
4.367331
3.857301
4.298350
4.167648
3.430200
4.082591
2.440483
3.457079
3.918081
3.747758
3.146843
3.769923
4.164748
3.257686
2.861116
2.643242
2.586320
3.912681
4.090890
4.460586
3.302283
3.192510
4.210513
3.994791
4.074275
3.910095
3.929005
2.517355
3.298948
3.550156
2.489799
3.309093
3.625785
2.322469
4.704468
1.844959
2.746137
4.272677
3.673186
4.387604
3.853398
3.917955
1.938054
2.146044
2.919172
2.781741
2.841917
3.407483
3.583807
2.788696
2.302088
3.221613
2.452498
2.771738
3.382283
3.632165
3.709939
1.913317
4.034444
2.904827
2.710435
2.075388
2.577236
2.222273
4.254340
2.089459
3.075139
2.061521
1.932881
3.832545
3.344392
1.570671
3.354458
4.066531
2.194132
2.211145
2.760825
2.277841
1.179562
2.645509
1.058858
2.102730
2.826693
2.783375
2.622851
4.655360
3.871636
3.167609
4.707712
3.599284
2.956270
4.630978
4.031302
4.620168
4.273054
4.452135
3.708790
3.371200
3.828103
3.747201
3.248970
3.819292
3.384734
4.426284
3.315565
2.819159
3.849936
2.195777
3.758353
2.384466
2.820440
1.600736
4.089945
2.331670
3.347105
2.584365
3.119734
2.768867
2.205736
3.164809
3.046844
2.834534
2.747010
2.220133
1.922839
3.155720
3.821785
4.020935
3.248611
2.666086
2.989194
2.221935
2.321384
3.549418
2.953265
2.981740
1.676353
1.853266
3.846045
2.701315
3.372818
1.558140
2.918404
2.947030
2.039581
1.761016
2.831088
3.550902
1.984299
2.093458
1.495293
2.040732
2.714169
3.357531
2.204222
1.719634
3.007665
3.143601
3.440403
1.225270
2.708402
1.970143
3.652099
2.657135
1.391737
2.558250
3.181245
2.603947
1.082437
1.696244
2.797781
3.562477
1.827583
1.523569
1.407420
1.707644
2.215401
1.172877
1.264296
1.555836
3.252130
1.822387
1.534950
1.111239
2.320235
2.830860
2.245479
2.513406
1.322954
1.450631
2.291438
1.023235
1.614892
1.556278
2.475940
1.024028
1.687918
1.533422
1.582659
1.657728
1.625677
2.148498
2.607153
1.920981
2.472274
1.188281
1.063404
1.481334
2.123813
2.075553
2.027938
1.110171
3.398275
3.556859
3.718825
1.926348
1.840327
2.442331
3.491547
4.206182
3.539870
3.161993
3.072531
2.996538
3.546656
3.425635
3.710127
3.979694
2.625159
2.752045
2.075839
2.709474
3.246865
3.738131
3.696981
3.469315
3.912381
3.053215
1.833974
3.272327
2.408285
1.818288
2.268844
2.841228
3.543106
3.218572
3.309659
1.861181
2.157010
3.019713
2.647363
3.385093
4.652168
2.625709
3.619505
1.844856
4.593279
2.428430
3.210901
4.004510
2.956639
4.365924
4.383856
1.528753
2.461708
3.491988
2.807395
1.488827
3.704763
2.109417
3.714275
1.638457
2.436188
1.622618
3.387130
2.226527
3.012154
4.158015
3.657967
2.427086
4.520167
3.364311
3.292827
3.039094
3.234700
2.330955
2.561364
4.132832
1.818186
3.662805
3.906507
2.583912
2.843565
1.847949
1.829798
2.565742
3.811124
3.745808
3.814193
2.681931
2.599824
1.417016
3.397600
2.147055
3.422332
3.609084
1.355479
3.781415
4.244999
2.176670
3.339393
1.927156
3.750713
1.966422
2.797848
4.009438
2.688836
3.992969
2.138216
2.617431
3.392396
1.174688
2.613513
3.562028
1.819969
4.467459
1.975026
3.647365
3.914074
2.997272
3.087186
3.602625
3.011271
1.536661
3.786701
2.019269
3.767233
1.524422
2.240375
3.588302
3.086098
3.522777
3.441460
3.633360
3.954719
3.839537
2.988347
4.250463
4.270871
1.406851
1.086971
2.982377
3.903305
4.042471
2.926489
2.350403
3.159535
2.065554
2.529560
3.412321
2.652106
4.004684
3.543934
4.071730
3.173870
1.936445
1.820425
3.538872
2.523145
3.750305
4.333879
3.859471
2.961899
1.524321
2.807509
3.970561
4.589707
3.852676
1.163872
2.928450
4.062510
2.806431
3.078521
3.331157
2.930780
4.164518
1.624402
2.023544
3.146203
1.823982
1.764719
1.981266
3.777133
4.239358
2.354107
3.711229
4.051215
2.337069
3.194104
2.191702
2.680044
3.631535
3.241138
1.696389
3.753788
2.772390
3.750256
2.601422
2.558316
3.262200
2.438501
3.629985
3.376521
3.452811
2.698345
1.664943
3.393524
4.287212
3.375439
3.053830
2.835004
3.122574
3.034967
1.613223
4.122142
1.243570
2.243483
3.344764
3.628424
3.343100
3.416479
2.729109
4.120863
3.918429
4.275628
3.375985
2.548537
4.164739
3.893400
2.052693
4.468828
4.144474
4.615580
3.504123
2.489794
3.130443
3.888535
3.452718
3.280362
4.171424
3.609666
1.105249
2.223974
1.977879
2.763330
1.261129
1.098162
3.598353
3.139212
3.171858
2.590266
2.687305
3.158376
4.057045
2.944403
4.261125
3.606895
