3.607379
3.395358
3.583972
1.825361
2.580334
3.857885
3.566469
3.975222
1.392215
2.472518
3.430362
3.503210
3.236549
4.036337
3.516896
3.244962
3.491166
3.948102
4.322020
4.127815
3.388901
3.662011
3.098067
3.671850
3.427361
3.206845
3.144973
2.853784
3.118713
3.016313
2.627580
3.226269
3.296513
3.503379
2.841064
1.476213
2.022363
2.764199
3.152052
1.047859
3.611688
2.770439
2.126030
1.182611
3.202111
3.488518
2.953494
2.390588
3.554817
2.540555
3.833759
3.419399
2.332362
3.315851
3.591050
3.184174
3.604356
2.852465
2.778463
3.353018
2.844646
3.288151
3.718092
1.264559
2.922528
3.320967
3.321148
3.404905
4.285730
3.815850
3.347553
2.426136
4.103310
2.988291
3.151849
3.056583
3.515048
3.594468
3.198516
3.648524
3.592532
3.011035
3.632175
3.514095
2.386341
1.890726
2.994452
1.270914
3.562108
2.158879
2.619851
2.590805
1.978831
3.635870
3.646024
3.805277
2.832625
3.052800
3.410405
3.501130
3.004379
1.927413
3.261742
2.639076
3.022054
3.572091
3.123042
3.401321
3.203540
2.301498
2.165193
3.235930
1.508052
3.024859
1.276106
2.518450
2.472938
3.556536
3.473723
3.060834
4.380768
2.565405
4.172705
3.628661
3.536044
1.197006
3.229942
3.632250
1.188976
3.730921
3.836043
3.442927
2.968328
3.820167
3.087990
3.868768
3.246551
1.755707
3.012850
2.427026
2.148650
2.994554
3.580424
3.351159
2.364173
1.200914
2.134813
1.159555
3.711987
3.376648
3.595709
4.046573
2.971958
3.676045
3.767204
3.274992
3.991091
3.027446
2.914356
3.913720
1.359020
3.686262
2.856534
3.523623
3.377842
3.739028
2.795459
1.303520
3.302315
3.405051
3.251252
3.455600
2.403429
3.444294
2.504998
2.866224
3.062813
3.295709
1.899326
3.495275
3.129741
3.378445
2.520337
2.803110
3.345268
2.101705
3.333430
2.680119
3.181524
2.225109
4.106676
3.511323
3.374476
3.506434
3.695688
3.138921
3.034440
1.737483
2.204021
3.598467
1.475531
2.235043
2.600369
3.320185
3.865798
2.953485
3.935807
2.781564
3.570964
