3.651458
2.204313
3.693125
3.324636
3.607093
4.146144
3.061005
4.070419
4.091868
3.766392
3.694832
2.633594
3.087657
3.213564
1.953804
4.723389
3.315006
3.391049
4.153670
2.858972
3.688908
2.814544
1.921105
3.435955
1.506969
3.649179
2.317145
3.183752
4.322794
2.890312
4.225793
3.312147
4.091511
2.989110
4.277117
2.452629
4.090291
3.280223
3.045844
4.413964
3.765809
3.238089
3.791818
2.244425
2.987631
3.880022
1.693670
3.567935
3.204881
3.207728
3.191238
1.704901
2.305120
4.481097
4.754066
4.141183
4.808161
2.340163
3.581155
4.185076
2.702908
3.696803
2.886829
3.808925
3.784789
1.822123
4.326829
4.760213
2.896429
3.403842
3.069127
3.051314
3.629469
3.101251
3.968906
4.577342
3.753436
3.747376
1.989197
1.911626
4.479243
3.292552
4.172886
3.034091
3.022540
4.127269
3.966596
4.689621
2.866120
3.429876
3.736280
2.670374
4.294501
4.860738
3.474079
3.908390
3.117183
3.174986
3.925106
2.601259
4.064635
3.560977
3.785436
3.621313
3.387367
4.149501
2.791179
3.819879
3.956927
2.160020
4.077091
4.549281
3.166715
3.486399
3.148468
3.392196
3.425445
2.645787
2.446704
4.254196
4.303433
4.388619
2.276096
4.700405
2.098769
3.000503
3.976372
3.413227
3.983069
4.023174
2.637147
3.245590
3.531574
3.713520
1.975520
2.883228
3.315393
2.853046
2.652282
3.955829
1.486144
2.625386
3.792857
4.234361
2.533480
2.124755
1.469214
3.830142
3.586695
4.057278
3.655458
4.011961
4.338779
2.008743
3.322772
4.132182
2.536653
2.896276
3.336106
1.895842
3.307536
3.112238
4.292796
2.303266
3.381859
4.695194
3.727864
2.891360
3.533063
3.515857
2.002969
3.375696
2.869052
2.833057
2.289462
2.198232
4.600847
3.686016
3.787055
4.181857
4.289949
2.987853
2.361501
4.006126
3.496231
2.158837
3.437485
4.049909
3.421797
1.576550
3.414543
4.547446
4.324101
3.239187
3.338248
3.440535
3.517371
4.473780
2.999037
3.929841
3.231652
3.563660
2.309525
2.428399
4.065070
2.262203
3.979433
4.463596
2.136131
2.681600
2.007729
3.240381
3.157404
3.915256
3.614535
3.347032
3.043295
4.282673
3.583913
2.632396
2.107456
3.548210
1.698522
2.723642
2.951693
3.420976
2.540872
2.302681
2.563035
1.714701
