4.539
3.386
2.342
2.247
2.890
2.820
4.583
3.373
3.383
2.998
2.387
3.682
3.108
3.575
4.317
1.620
1.774
2.028
3.373
2.819
3.824
3.073
3.069
3.943
3.349
2.531
3.735
2.763
2.217
2.560
4.174
4.258
2.661
3.144
1.623
3.702
3.755
2.353
3.148
4.887
1.998
3.578
0.485
4.748
2.044
2.774
4.122
2.674
4.478
4.846
2.184
2.041
3.333
2.494
2.334
3.046
2.704
3.703
2.352
3.480
3.449
3.925
2.850
2.544
4.292
3.865
3.070
4.818
3.205
3.078
2.761
2.197
1.978
2.691
4.273
3.183
2.419
3.969
3.581
3.098
2.977
2.453
1.715
3.887
3.852
3.781
2.604
2.753
2.289
3.036
1.396
3.023
3.763
2.225
4.213
4.537
1.983
3.164
2.427
3.449
2.958
3.017
4.466
2.626
3.264
2.571
1.991
2.731
1.599
2.420
3.479
1.699
4.696
1.645
4.051
4.116
2.871
2.686
2.937
2.217
2.236
3.628
2.651
3.271
2.345
3.379
2.318
3.564
3.950
3.684
3.457
3.948
3.946
2.784
4.272
4.505
3.083
2.289
2.928
4.032
4.075
3.878
2.248
3.657
2.669
2.115
2.250
3.092
4.496
3.750
3.492
2.446
1.932
2.974
2.389
3.560
3.857
4.731
4.325
3.597
2.369
2.276
3.485
4.844
3.752
2.756
2.981
2.407
2.469
2.457
3.421
2.102
4.359
1.985
2.694
2.633
2.976
2.827
1.384
3.542
4.478
1.965
3.967
4.216
1.714
3.508
1.384
3.585
4.123
3.677
2.233
4.032
2.641
3.833
2.645
2.706
3.128
3.571
3.864
3.344
3.077
2.359
2.615
3.061
4.785
3.273
3.306
2.574
2.707
3.172
2.372
4.601
1.723
2.199
3.839
3.357
3.855
4.194
2.215
4.241
3.500
3.453
2.428
1.812
3.162
3.821
2.825
4.785
4.301
4.852
2.448
3.580
3.228
4.498
2.995
4.180
4.527
3.996
1.823
2.161
2.133
2.627
2.540
2.878
3.502
2.991
1.977
2.151
2.612
2.588
4.118
2.234
4.212
4.470
