4.878
4.046
4.253
3.855
4.280
4.113
4.673
4.515
4.227
4.011
1.538
4.467
4.264
4.593
4.823
4.020
3.814
3.435
4.035
4.259
4.376
3.942
4.035
4.074
4.241
3.841
4.511
4.384
4.194
4.404
4.512
4.659
4.138
3.909
3.719
4.580
3.974
1.567
4.118
4.727
4.052
4.663
1.231
4.425
1.522
3.997
4.666
1.873
4.797
4.645
4.482
4.179
4.159
3.950
3.860
4.118
3.971
4.433
4.343
4.113
4.061
4.518
4.211
3.461
4.876
4.383
4.459
4.595
3.838
4.483
4.058
1.660
4.234
4.313
4.501
4.489
1.504
4.418
4.632
4.317
4.117
4.447
4.150
4.564
4.265
4.694
4.043
4.343
4.446
4.112
3.074
4.297
4.478
1.420
4.278
4.573
4.072
4.254
4.323
4.250
4.338
4.371
4.473
4.327
1.787
4.193
4.077
4.200
4.366
4.515
4.262
4.004
4.686
4.110
4.743
4.491
2.041
4.161
4.421
4.128
4.447
4.498
4.224
1.841
4.388
4.563
1.500
4.227
4.768
4.494
4.727
4.380
4.378
4.186
4.692
4.603
4.461
4.282
3.804
4.180
4.425
4.654
4.088
4.272
3.086
3.930
4.024
4.197
4.542
4.446
1.846
4.038
4.228
4.040
1.590
4.185
4.542
4.654
4.702
4.234
4.485
3.977
1.797
4.838
4.323
3.722
4.294
1.645
3.744
4.174
4.141
4.125
4.347
3.710
4.476
4.235
4.563
4.104
3.959
4.078
4.841
3.226
4.610
4.698
4.081
4.156
3.739
4.532
4.619
4.583
4.146
4.440
4.434
4.857
4.223
4.223
4.364
4.292
4.407
4.059
4.362
4.475
4.466
4.184
4.744
4.225
4.558
4.175
4.132
4.475
4.255
4.480
4.325
4.161
4.395
3.501
4.732
4.411
3.702
4.560
4.491
4.144
2.008
1.515
1.798
4.436
4.293
4.910
4.417
4.861
4.129
4.045
4.399
4.526
4.495
4.316
4.519
4.318
4.323
4.194
4.243
4.314
4.412
3.843
4.307
4.239
1.002
4.178
4.164
2.527
4.935
3.905
4.664
4.876
