3.999
3.837
4.587
3.085
3.720
4.315
4.201
4.112
3.439
3.301
3.660
4.077
3.755
4.567
3.635
4.233
3.663
4.533
4.855
4.117
3.304
4.507
3.500
3.967
4.070
3.673
3.296
3.122
2.585
3.429
2.660
3.897
3.959
3.959
3.709
2.441
3.233
3.865
4.123
1.650
4.054
2.868
3.494
2.908
3.510
3.901
3.285
3.093
3.604
3.422
4.139
3.833
3.153
3.993
4.160
3.203
4.077
3.650
3.355
2.631
2.295
3.697
4.082
2.355
3.130
3.344
3.697
3.518
4.467
4.135
3.947
3.252
4.303
3.495
3.361
3.767
4.246
3.764
3.997
3.952
3.970
3.494
3.968
3.987
4.086
3.122
3.353
2.702
3.720
3.079
2.932
2.501
3.044
4.217
4.584
4.289
3.195
2.741
2.942
4.163
3.453
3.262
3.192
2.365
3.473
4.384
3.667
3.834
4.096
2.865
3.169
3.872
3.299
3.433
2.264
3.218
2.417
3.912
4.273
3.678
4.502
3.317
4.415
4.225
3.804
2.668
3.494
4.337
1.858
4.555
4.369
3.933
2.649
4.381
3.740
4.328
3.805
3.226
3.333
3.383
3.341
2.471
4.064
2.723
3.113
2.967
3.441
2.552
3.745
4.104
4.193
4.615
3.698
4.561
4.261
3.109
4.481
3.863
2.756
4.444
3.448
3.829
3.507
3.539
3.635
3.982
3.725
2.728
3.632
3.728
3.118
3.855
2.628
3.715
2.491
2.971
3.532
4.000
2.710
4.048
4.088
4.156
3.024
3.701
4.106
2.601
3.526
3.592
3.637
3.685
4.596
4.140
3.651
3.631
3.802
4.014
3.448
2.819
3.194
3.958
2.467
2.893
3.694
3.525
4.591
3.396
4.669
2.805
4.137
